8.281058316883389e-07
8.285308316883389e-07
8.286808316883388e-07
8.288308316883389e-07
8.289308316883389e-07
8.290308316883389e-07
8.290808316883388e-07
8.29130831688339e-07
8.291808316883389e-07
8.29230831688339e-07
8.292808316883389e-07
8.293308316883388e-07
8.294308316883388e-07
8.295308316883388e-07
8.296308316883388e-07
8.297308316883388e-07
8.298808316883389e-07
8.300308316883388e-07
8.301808316883389e-07
8.303308316883388e-07
8.30480831688339e-07
8.306308316883389e-07
8.307808316883388e-07
8.313308316883388e-07
8.318808316883388e-07
8.325058316883388e-07
8.331308316883388e-07
8.339058316883388e-07
8.346808316883388e-07
8.354558316883388e-07
8.362308316883389e-07
8.369558316883389e-07
