1.4788117408752441
1.5049327611923218
1.5140767097473145
1.5231808423995972
1.5292279720306396
1.5352572202682495
1.5382651090621948
1.5412683486938477
1.544267177581787
1.5472614765167236
1.5502512454986572
1.553236484527588
1.5591931343078613
1.5651315450668335
1.5710515975952148
1.5769531726837158
1.585770845413208
1.594546914100647
1.6032811403274536
1.611973524093628
1.6206239461898804
1.629232406616211
1.6377991437911987
1.6688545942306519
1.6993597745895386
1.7333807945251465
1.7667555809020996
1.807319164276123
1.8470778465270996
1.886143684387207
1.924614429473877
1.960130214691162
